中药 -0.5 1259.62 5 62.61317230384226 68.70237227032487 2024-08-09 20.0 8.648699324175862 -9.966329494733277 64.36576341607481 0
002750 -0.007403098025248158 2.38 7 66.14808245562037 72.24510874422606 2024-08-08 26.428571428571427 20.317881940069743 1.6851531042491268 63.79435508546652 0
000999 0.0017714055776002597 41.57 5 42.20835047606927 47.0269295194571 2024-08-08 21.0 4.732863826479693 4.8174119494462655 43.937556654488944 0
000423 0.005469218827490973 49.06 3 33.64671704738686 40.77573418701292 2024-08-08 11.666666666666666 7.408703590297622 9.346769628651131 25.118314279181515 0
000538 0.0006708743701635834 53.01 3 52.246705069951446 61.74764234163226 2024-08-08 24.666666666666668 14.42990721460891 19.334935555929516 41.89521116875972 0
002275 0.003019874045067715 13.3 6 70.39194899779382 74.40906934010279 2024-08-08 16.166666666666668 3.5784850922639815 2.74588165629889 61.65974754290321 0
300181 0.002934311383941787 14.81 4 63.33688688681293 63.944648019445616 2024-08-08 17.25 8.166241485530538 8.733933254508324 51.71105286731144 0
000919 0.0018802185824028793 6.7 9 75.38336204022539 77.03868593481786 2024-08-08 17.11111111111111 4.507880616689065 8.693933473304426 61.975733474036836 0
002826 0.0033973471482826013 8.52 6 62.312643123006026 69.13351182478533 2024-08-08 21.333333333333332 16.87865186822955 -6.296086672389794 68.08374349783348 0
002412 0.000948230576773592 5.69 7 67.65113483885241 70.31735103824073 2024-08-08 21.428571428571427 7.556589231678967 8.592454445389668 61.2258878519238 0
002198 0.0018207062659667936 6.41 9 51.58468615131556 54.44124472486813 2024-08-08 23.22222222222222 9.589088449062853 -5.272155538377535 43.521807504541925 0
002287 0.0017957456821678813 20.09 5 65.68752689818525 70.64907553452363 2024-08-08 15.0 6.54217089351845 4.296727828985209 59.84113908146496 0
002737 0.005877555662224277 23.06 5 42.12437302446889 49.28833200703644 2024-08-08 17.2 5.946427498927402 26.346592343993404 29.65387752771486 0
002390 0.00043192935170960556 3.44 7 60.6985476925733 66.72180102891002 2024-08-08 22.428571428571427 11.878638003421374 12.277901030286307 46.92901294526878 0
002566 0.0032155127967772906 6.52 5 70.27247414264062 71.40633904526146 2024-08-08 19.6 5.083306010855534 7.342513421490909 60.84802166215648 0
301331 -0.0012618524510839882 23.1 2 58.92540718082316 64.22786715511336 2024-08-08 46.0 13.0 3.4436468026733307 56.66222524671783 0
000650 0.002734021415510993 5.69 8 45.785065077489705 50.50550011124635 2024-08-08 17.25 7.378177281686853 19.51197506025037 40.07406229711544 0
002864 0.004760294687243545 26.95 7 63.034783136129626 64.95187480439847 2024-08-08 16.428571428571427 7.997448572730517 9.690151646529204 52.02703722906698 0
000790 0.002114565791160904 3.62 7 71.32391969562325 73.9791132684826 2024-08-08 23.428571428571427 6.3887656499993986 8.046752921652066 63.49312928252317 0
300026 0.0023269341456649286 3.4 10 68.56113158666143 71.77722566596103 2024-08-08 17.2 10.047885349664377 11.022381189394418 63.87632364363934 0
300534 0.002297712484164727 7.88 8 65.55644504672179 66.91867260391777 2024-08-08 19.875 5.732309743899051 8.429302086530368 55.929274441776485 0
002166 0.0010870523100541985 7.1 2 60.65522497118778 64.26355905416112 2024-08-08 23.0 9.0 7.160234090228021 56.97197026824309 0
002603 0.0002088211713658443 16.27 6 61.08644441498974 68.98198143699797 2024-08-08 23.166666666666668 11.378586125798854 -0.6690541962354846 63.922841857588125 0
002349 0.001673980600218379 7.09 6 71.11894465943723 73.67998757108909 2024-08-08 23.333333333333332 13.437096247164249 8.234659094476836 63.75930860255541 0
000590 0.0031442677025564467 5.57 7 73.7630598207204 75.55408175841518 2024-08-08 24.714285714285715 13.656126680664887 3.9389568636311565 63.1927421369906 0
002107 0.0011355100736086259 4.08 8 62.35896171325173 62.95190059852189 2024-08-08 24.125 6.918047051010856 6.623789791941078 56.65788208586177 0
300039 0.003151136072528417 5.75 6 71.68144882792441 73.43858766640096 2024-08-08 20.5 11.84271928232701 8.39998461782079 64.02155525721105 0
301111 0.00451930650814728 15.69 6 51.72650798141825 56.18203408488282 2024-08-08 15.5 7.32006375199925 15.192345386108103 46.54991721011079 0
002317 0.0009426858512001973 12.05 9 65.12869345426944 66.11714157396922 2024-08-08 22.11111111111111 14.394786436179242 4.180419857532587 62.450107589762055 0
300878 0.0019092703949953709 16.19 5 61.559025829188975 66.40754789715689 2024-08-08 18.4 5.535341001239219 -1.752442898141398 55.339090185495685 0
000989 0.0016081046319210827 6.94 4 63.631542444107595 67.53655132307362 2024-08-08 26.0 14.19506956657839 0.626457761768143 67.08364320291551 0
002728 0.00021774766000201844 7.99 5 65.18454531414308 66.20027363821427 2024-08-08 24.6 15.16047492659778 9.07766916630374 55.606721406414124 0
002424 -0.003328549961521377 3.78 8 66.94892755132079 71.8530628533384 2024-08-08 22.625 16.393119745795794 3.6462169248802327 64.19910052334231 0
002907 -0.0008346088971949422 13.78 6 64.40802071994312 66.28971776258294 2024-08-08 22.5 17.745891543302825 9.064542823362864 57.45662639757186 0
300519 0.0019696972382700338 12.8 3 56.92316014967243 61.53247749797434 2024-08-08 18.666666666666668 8.178562764256865 13.749070774278286 52.131016554166834 0
300391 0.00179611343443751 4.19 10 27.922428981347338 35.76815941119969 2024-08-08 22.1 16.51938255504727 7.567131917556516 32.39403069692381 0
300147 -0.0016392431104948746 9.32 7 90.96032418287045 95.64195475709755 2024-08-08 27.285714285714285 15.934816200601084 2.449174122085239 78.82804306618179 0
002644 0.001582353071977798 7.56 7 78.43353381875474 83.49086554625787 2024-08-08 19.714285714285715 8.378787599208675 4.600539478710507 63.68397001266244 0
002873 0.0001422230839764248 10.16 7 79.25568758420026 86.04104176333179 2024-08-08 23.857142857142858 12.494896917525644 7.7922162736096094 60.73429674583895 0
300108 -0.0011611306127296463 2.22 9 75.23641427939656 79.74605750656974 2024-08-08 36.111111111111114 47.71779180055368 0.41173279362109927 76.87757238824285 0
603139 0.0027620619691907946 12.57 9 54.64561815917811 57.74029430544444 2024-08-08 16.555555555555557 11.682000505156175 3.933800312152723 51.08164955603 0
603963 0.017091041829694415 11.23 1 63.666702217995585 69.73736219208888 2023-09-28 7.0 0.0 3.4507558612351987 57.9539937638812 0
600566 0.001768295316659629 32.5 7 46.8996828047202 51.86689075874221 2024-08-08 18.0 10.703804397102395 13.87624952336209 38.70432542599484 0
600252 0.0010456849927978427 2.33 9 62.77289091929872 68.5351415122221 2024-08-08 21.333333333333332 11.737877907772672 13.364899090973534 52.36781764470404 0
600479 0.003022563069945156 10.55 4 66.95288538146761 72.60695237028861 2024-08-08 17.75 6.015604707757983 10.414044700953323 52.36241994363236 0
600285 0.002724718485590771 23.25 5 47.05878053415948 57.91692088529979 2024-08-08 19.0 7.563068160475615 25.12042780945348 29.22061310279158 0
600080 0.0009734413674786339 6.43 6 68.75919761264278 70.83144721384285 2024-08-08 25.166666666666668 8.153049872423338 4.959803190863064 56.749391527691444 0
600222 0.0011624163413409716 4.67 7 59.176170094925716 64.57022979481707 2024-08-08 22.714285714285715 9.54260050980842 -8.025064287014688 65.59803426361205 0
600750 0.002029391145546612 22.72 5 46.37191623938038 50.59043808534352 2024-08-08 16.0 7.37563556583431 5.601965012985398 42.13983102230731 0
600436 0.0026563409824244323 211.33 6 36.99052458505781 42.90065944454567 2024-08-08 17.5 4.958158260214505 -0.5969276801198781 40.05871672161096 0
600518 -0.004757644198323695 1.88 9 34.966483839318606 38.252106390065514 2024-08-08 38.888888888888886 56.29376212619821 0.8943686070019158 32.15770060170662 0
600572 0.0001966233391084925 4.45 8 64.55033881788653 66.50615148515902 2024-08-08 23.125 14.760060128603813 12.022943001126919 50.011026614323754 0
600422 0.003705303111817562 15.24 5 31.15240912810999 37.518807706836114 2024-08-08 14.4 5.425863986500215 -2.1175904224450313 26.58773563304107 0
600351 -0.00017479058333760947 5.83 6 65.64229799662861 66.20449806553222 2024-08-08 23.333333333333332 14.395215254459456 8.218619797776148 54.47692677466606 0
603439 0.003983715951020146 11.83 11 33.634627053546744 39.840480210180516 2024-08-08 16.818181818181817 5.3905334837722165 9.081472875561829 29.818928972466797 0
600085 0.007638732097861169 37.37 4 43.61050024374491 49.53411646759514 2024-08-08 13.25 7.980444849756184 6.502160189047886 39.395638122740884 0
603858 0.0015897495991371948 17.92 4 60.14448200936756 65.009204070952 2023-09-28 20.5 4.924428900898052 -2.500584811745406 54.903753015542875 0
600332 0.002654804162831848 29.82 5 49.62633725094646 52.88421694077023 2024-08-08 15.6 9.604165762834375 6.173596596299827 47.112282966276226 0
603567 0.0038303451058098992 11.3 5 64.55972925240962 68.17562811879687 2024-08-08 13.4 4.454211490264018 4.092211586059973 57.94364509934206 0
600329 0.0036529484081134754 33.51 7 52.03709160833263 54.64720000815763 2024-08-08 15.285714285714286 8.171628369185767 3.8957081372544664 51.79944161546613 0
600671 7.902821525112204e-05 9.68 7 43.46548338568998 48.999492074103095 2023-09-28 19.428571428571427 11.512194067374732 -5.987478697843019 40.42925973033775 0
603896 0.0018126375670408962 23.34 7 57.21096879668781 61.13227368327497 2024-08-08 15.0 9.72478424292429 7.17689107817739 50.81557891587509 0
600993 0.002951748597023234 27.84 5 64.66025851033878 67.42924257993616 2024-08-08 20.8 4.308131845707603 5.031837296676114 58.20507771307147 0
603998 0.0026304530760918616 11.27 7 49.918783771395 55.60933828489716 2024-08-08 17.714285714285715 12.947302926139656 15.269773644895517 47.931968714095674 0
600594 3.1985992130521014e-05 3.33 8 71.41328824283622 75.89933572525189 2024-08-08 29.5 16.911534525287763 9.063970722036295 65.60797793457962 0
600771 0.0011728114510237693 18.51 8 54.00041318238619 56.1839631945476 2024-08-08 23.25 12.142384444580891 4.259255962159489 50.49561301796346 0
600976 0.003307829272550437 49.44 7 50.08491296218691 54.1333556273824 2024-08-08 16.0 5.855400437691199 -4.471896442327415 47.53919915156425 0
600557 -0.0003954550699148757 14.2 8 28.7234395032207 34.46848916821672 2024-08-08 25.25 17.83080200103181 9.249322896712087 29.227957422063543 0
605199 0.0007364914133322666 10.26 9 58.70294029816001 60.51460743356917 2024-08-07 24.22222222222222 11.36053380766334 -1.421018472085476 51.13878262409948 0
600535 0.0008976464930133091 14.27 8 66.24471088941392 69.75741400720017 2024-08-08 19.125 10.445543308033336 3.7274816416621768 75.59680204512287 0
